3c011001
34210ffc
0001e820
00000000
00000000
00000000
34051001
00000000
00000000
00000000
00052c00
00000000
00000000
00000000
34a60020
00000000
00000000
00000000
34a70040
00000000
00000000
00000000
20100003
00000000
00000000
00000000
02004020
00000000
00000000
00000000
00004820
00000000
00000000
00000000
00005020
00000000
00000000
00000000
aca80000
00000000
00000000
00000000
2108ffff
00000000
00000000
00000000
20a50004
00000000
00000000
00000000
20010000
1428fff2
00000000
00000000
00000000
0c10003f
00000000
00000000
00000000
081000d1
00000000
00000000
00000000
23bdfffc
00000000
00000000
00000000
afbf0000
00000000
00000000
00000000
20010001
10300064
00000000
00000000
00000000
2210ffff
00000000
00000000
00000000
00c04820
00000000
00000000
00000000
00e03020
00000000
00000000
00000000
01203820
0c10003f
00000000
00000000
00000000
00e04020
00000000
00000000
00000000
00c03820
00000000
00000000
00000000
01003020
00000000
00000000
00000000
20a5fffc
00000000
00000000
00000000
8cab0000
00000000
00000000
00000000
aca00000
00000000
00000000
00000000
aceb0000
00000000
00000000
00000000
20e70004
00000000
00000000
00000000
00a04820
00000000
00000000
00000000
00c02820
00000000
00000000
00000000
01203020
00000000
00000000
00000000
2210ffff
00000000
00000000
00000000
0c10003f
00000000
00000000
00000000
00a04820
00000000
00000000
00000000
00c02820
00000000
00000000
00000000
01203020
00000000
00000000
00000000
8fbf0000
00000000
00000000
00000000
23bd0004
00000000
00000000
00000000
22100001
00000000
00000000
00000000
03e00008
00000000
00000000
00000000
20a5fffc
00000000
00000000
00000000
8cab0000
00000000
00000000
00000000
aca00000
00000000
00000000
00000000
aceb0000
00000000
00000000
00000000
20e70004
00000000
00000000
00000000
22100001
00000000
00000000
00000000
8fbf0000
00000000
00000000
00000000
23bd0004
00000000
00000000
00000000
03e00008
00000000
00000000
00000000
24020004
00000000
00000000
00000000
3c011001
34240020
00000000
00000000
00000000
0000000c
2402000a
00000000
00000000
00000000
0000000c
00000000
00000000
00000000
